Edge	16	1	1	0	0	0	27	-1
	Sequence	+edge_9_0_+disjointig_1_44581_5292766 5248185 1 5292768 44581 5292766
Edge	17	7	7	0	0	0	27	-1
	Sequence	-edge_9_0_+disjointig_1_44581_5292766 5248185 -1 5292768 1 5248186
Edge	18	3	3	0	0	0	10	-1
	Sequence	+edge_10_0_+disjointig_2_14669_99876 85207 2 99887 14669 99876
Edge	19	4	4	0	0	0	10	-1
	Sequence	-edge_10_0_+disjointig_2_14669_99876 85207 -2 99887 10 85217
Edge	20	5	5	0	0	0	23	-1
	Sequence	+edge_11_0_+disjointig_3_11258_45443 34185 3 79631 11258 45443
	Sequence	+edge_11_1_+disjointig_3_45443_79621 34178 3 79631 45443 79621
Edge	21	6	6	0	0	0	23	-1
	Sequence	-edge_11_0_+disjointig_3_11258_45443 34185 -3 79631 34187 68372
	Sequence	-edge_11_1_+disjointig_3_45443_79621 34178 -3 79631 9 34187
Edge	22	0	0	0	0	0	10	-1
	Sequence	+edge_12_0_+disjointig_4_19484_133703 114219 4 133708 19484 133703
Edge	23	2	2	0	0	0	10	-1
	Sequence	-edge_12_0_+disjointig_4_19484_133703 114219 -4 133708 4 114223
